|1|0.3|0.05|1000|2227|102.3,|92.699/88.606|
|2|0.3|0.05|1500|4206|102.29|91.0,a/86.834|
|3|0.3|0.05|500|4652|86.899|74.0,a/68.711|
|4|0.3|0.15|1000|4382|88.899|75.6,a/62.574|
|5|0.3|0.15|1500|2371|101.49|86.899/72.841|
|6|0.3|0.15|500|5905|103.89|97.999/83.583|
|7|0.3|0.1|1000|4908|99.699|89.499/80.327|
|8|0.3|0.1|1500|9488|104.69|101.29/91.262|
|9|0.3|0.1|500|5898|101.39|88.5,a/79.481|
|10|0.3|0.2|1000|613|106.29|104.79/86.058|
|11|0.3|0.2|1500|1099|102.59|98.099/79.895|
|12|0.3|0.2|500|4164|100.29|90.5,a/73.228|
|13|0.3|0.3|1000|4133|103.59|101.49/71.145|
|14|0.3|0.3|1500|668|106.29|106.29/74.033|
|15|0.3|0.3|500|762|106.29|101.79/72.667|
|16|0.3|0.5|1000|1335|106.29|101.69/53.328|
|17|0.3|0.5|1500|1692|106.29|103.99/53.314|
|18|0.3|0.5|500|1175|106.29|103.79/52.869|
|19|0.3|0.8|1000|273|106.29|100.89/21.714|
|20|0.3|0.8|1500|1640|106.29|101.89/19.128|
|21|0.3|0.8|500|9036|106.29|100.39/20.058|
|22|0.5|0.05|1000|5506|81.4,0|59.2,a/56.048|
|23|0.5|0.05|1500|9556|92.399|75.999/64.312|
|24|0.5|0.05|500|9958|90.499|74.8,a/70.312|
|25|0.5|0.15|1000|6274|95.699|88.0,a/73.908|
|26|0.5|0.15|1500|1319|91.899|81.999/65.415|
|27|0.5|0.15|500|7669|97.6,0|88.599/77.501|
|28|0.5|0.1|1000|7911|95.599|82.199/74.228|
|29|0.5|0.1|1500|9143|98.599|74.799/67.240|
|30|0.5|0.1|500|8097|97.799|84.8,a/73.737|
|31|0.5|0.2|1000|6718|103.49|99.999/80.305|
|32|0.5|0.2|1500|7884|94.1,0|84.699/67.193|
|33|0.5|0.2|500|4296|103.79|99.599/80.246|
|34|0.5|0.3|1000|1233|104.79|101.89/69.945|
|35|0.5|0.3|1500|894|106.29|103.59/72.517|
|36|0.5|0.3|500|6754|101.39|95.699/67.157|
|37|0.5|0.5|1000|1473|106.29|106.29/55.273|
|38|0.5|0.5|1500|9653|105.79|103.19/50.581|
|39|0.5|0.5|500|1426|106.29|105.79/50.664|
|40|0.5|0.8|1000|1196|106.29|102.3,/19.792|
|41|0.5|0.8|1500|1485|106.29|102.29/20.401|
|42|0.5|0.8|500|773|106.29|101.49/23.543|
|43|0.7|0.05|1000|1652|89.099|72.399/65.661|
|44|0.7|0.05|1500|1637|89.6,0|75.300/66.431|
|45|0.7|0.05|500|7170|75.7,0|57.5,a/53.299|
|46|0.7|0.15|1000|5089|98.999|88.9,a/70.745|
|47|0.7|0.15|1500|8045|94.1,0|78.8,a/62.290|
|48|0.7|0.15|500|6351|87.8,0|68.5,a/57.397|
|49|0.7|0.1|1000|7342|98.899|89.799/80.907|
|50|0.7|0.1|1500|6410|101.89|94.199/86.834|
|51|0.7|0.1|500|6860|87.799|71.999/60.879|
|52|0.7|0.2|1000|2412|104.59|94.399/76.778|
|53|0.7|0.2|1500|1293|106.29|101.69/82.088|
|54|0.7|0.2|500|7535|92.399|76.999/63.471|
|55|0.7|0.3|1000|2445|100.89|93.899/60.903|
|56|0.7|0.3|1500|2625|103.69|100.29/70.770|
|57|0.7|0.3|500|5596|100.29|90.999/62.727|
|58|0.7|0.5|1000|2253|106.29|103.99/53.481|
|59|0.7|0.5|1500|1602|106.29|101.49/50.137|
|60|0.7|0.5|500|427|106.29|103.79/53.504|
|61|0.7|0.8|1000|1078|106.29|101.1,/19.991|
|62|0.7|0.8|1500|1887|106.29|98.499/19.363|
|63|0.7|0.8|500|1689|106.29|96.1,a/20.355|
|64|0.85|0.05|1000|8871|77.1,0|53.699/51.248|
|65|0.85|0.05|1500|5625|86.199|65.5,a/57.612|
|66|0.85|0.05|500|6158|84.6,0|55.099/52.775|
|67|0.85|0.15|1000|8047|97.999|81.6,a/69.476|
|68|0.85|0.15|1500|1810|90.999|64.0,a/53.601|
|69|0.85|0.15|500|9666|98.599|79.6,a/67.560|
|70|0.85|0.1|1000|9543|102.49|89.299/79.724|
|71|0.85|0.1|1500|9313|96.799|82.299/70.985|
|72|0.85|0.1|500|4771|79.7,0|50.6,a/46.549|
|73|0.85|0.2|1000|9374|89.799|66.999/54.277|
|74|0.85|0.2|1500|4280|99.199|89.6,a/72.226|
|75|0.85|0.2|500|5548|83.699|61.8,a/45.642|
|76|0.85|0.3|1000|8296|99.899|93.199/62.980|
|77|0.85|0.3|1500|530|99.799|89.899/60.062|
|78|0.85|0.3|500|4178|100.79|85.799/59.842|
|79|0.85|0.5|1000|2748|105.79|102.99/48.664|
|80|0.85|0.5|1500|375|106.29|106.29/53.665|
|81|0.85|0.5|500|3256|106.29|106.29/55.009|
|82|0.85|0.8|1000|1076|106.29|100.79/18.212|
|83|0.85|0.8|1500|1026|106.29|99.799/17.357|
|84|0.85|0.8|500|3547|106.29|98.799/19.219|
