|1|0.3|0.05|1000|4985|101.39|96.599/91.689|
|2|0.3|0.05|1500|6039|104.69|102.99/98.249|
|3|0.3|0.05|500|7199|103.29|99.399/95.099|
|4|0.3|0.15|1000|5167|104.69|103.39/88.305|
|5|0.3|0.15|1500|2543|106.29|104.69/87.514|
|6|0.3|0.15|500|5384|106.29|104.79/85.406|
|7|0.3|0.1|1000|5313|105.79|104.29/92.617|
|8|0.3|0.1|1500|0|1.0E-1|1.0E-1/9.9999|
|9|0.3|0.1|500|9992|103.09|100.39/89.534|
|10|0.3|0.2|1000|5965|106.29|106.29/85.317|
|11|0.3|0.2|1500|636|106.29|106.29/85.634|
|12|0.3|0.2|500|8019|105.79|103.29/81.738|
|13|0.3|0.3|1000|9397|106.29|103.19/72.396|
|14|0.3|0.3|1500|2860|106.29|106.29/71.079|
|15|0.3|0.3|500|419|106.29|106.29/75.727|
|16|0.3|0.5|1000|4934|106.29|101.69/56.033|
|17|0.3|0.5|1500|1759|106.29|102.49/55.495|
|18|0.3|0.5|500|5568|106.29|99.699/58.009|
|19|0.3|0.8|1000|8131|103.39|93.5,a/39.687|
|20|0.3|0.8|1500|2565|106.29|95.399/38.583|
|21|0.3|0.8|500|4590|102.89|88.099/39.505|
|22|0.5|0.05|1000|4222|106.29|103.99/98.414|
|23|0.5|0.05|1500|0|1.0E-1|1.0E-1/9.9999|
|24|0.5|0.05|500|0|1.0E-1|1.0E-1/1.0000|
|25|0.5|0.15|1000|6060|106.29|104.79/87.962|
|26|0.5|0.15|1500|2571|106.29|102.89/86.541|
|27|0.5|0.15|500|1542|104.6,|103.1,/89.511|
|28|0.5|0.1|1000|3938|104.79|103.29/93.434|
|29|0.5|0.1|1500|4393|106.29|106.29/94.621|
|30|0.5|0.1|500|0|1.0E-1|1.0E-1/1.0000|
|31|0.5|0.2|1000|7809|106.29|106.29/85.163|
|32|0.5|0.2|1500|3757|104.69|103.39/82.550|
|33|0.5|0.2|500|2265|106.29|106.29/83.629|
|34|0.5|0.3|1000|7812|106.29|106.29/73.506|
|35|0.5|0.3|1500|1536|106.29|106.29/71.245|
|36|0.5|0.3|500|0|1.0E-1|1.0E-1/1.0000|
|37|0.5|0.5|1000|2948|106.29|100.29/55.762|
|38|0.5|0.5|1500|1235|106.29|100.79/57.799|
|39|0.5|0.5|500|3052|106.29|98.499/58.568|
|40|0.5|0.8|1000|9313|104.79|96.599/41.264|
|41|0.5|0.8|1500|8394|104.79|97.399/40.271|
|42|0.5|0.8|500|9418|103.69|97.399/37.026|
|43|0.7|0.05|1000|0|1.0E-1|1.0E-1/9.9999|
|44|0.7|0.05|1500|0|1.0E-1|1.0E-1/9.9999|
|45|0.7|0.05|500|0|1.0E-1|1.0E-1/1.0000|
|46|0.7|0.15|1000|1389|106.29|104.29/88.335|
|47|0.7|0.15|1500|6355|104.69|103.39/85.504|
|48|0.7|0.15|500|0|1.0E-1|1.0E-1/1.0000|
|49|0.7|0.1|1000|9427|102.89|101.99/91.870|
|50|0.7|0.1|1500|1553|106.29|104.79/94.321|
|51|0.7|0.1|500|0|1.0E-1|1.0E-1/1.0000|
|52|0.7|0.2|1000|2405|106.29|106.29/85.934|
|53|0.7|0.2|1500|1403|106.29|106.29/85.484|
|54|0.7|0.2|500|2526|106.29|106.29/85.170|
|55|0.7|0.3|1000|696|106.29|104.6,/73.263|
|56|0.7|0.3|1500|6709|106.29|106.29/73.064|
|57|0.7|0.3|500|3546|106.29|105.79/73.133|
|58|0.7|0.5|1000|2175|106.29|101.49/54.312|
|59|0.7|0.5|1500|2247|106.29|98.699/54.269|
|60|0.7|0.5|500|8570|106.29|97.699/56.563|
|61|0.7|0.8|1000|3233|103.89|95.599/39.389|
|62|0.7|0.8|1500|4964|105.79|94.099/39.547|
|63|0.7|0.8|500|4966|104.79|95.599/36.744|
|64|0.85|0.05|1000|0|1.0E-1|1.0E-1/9.9999|
|65|0.85|0.05|1500|6533|101.6,|97.5,a/92.037|
|66|0.85|0.05|500|0|1.0E-1|1.0E-1/1.0000|
|67|0.85|0.15|1000|6378|106.29|106.29/88.827|
|68|0.85|0.15|1500|1306|106.29|105.79/89.643|
|69|0.85|0.15|500|3931|106.29|106.29/89.689|
|70|0.85|0.1|1000|6697|104.79|103.29/93.269|
|71|0.85|0.1|1500|2893|106.29|103.99/93.249|
|72|0.85|0.1|500|2996|104.6,|103.1,/92.126|
|73|0.85|0.2|1000|3235|106.29|106.29/82.733|
|74|0.85|0.2|1500|351|106.29|106.29/82.617|
|75|0.85|0.2|500|0|1.0E-1|1.0E-1/1.0000|
|76|0.85|0.3|1000|569|106.29|104.79/69.521|
|77|0.85|0.3|1500|386|106.29|104.59/71.282|
|78|0.85|0.3|500|6896|106.29|104.79/72.296|
|79|0.85|0.5|1000|2752|106.29|103.09/56.570|
|80|0.85|0.5|1500|340|106.29|101.89/56.360|
|81|0.85|0.5|500|6702|106.29|94.599/54.731|
|82|0.85|0.8|1000|3644|104.79|96.999/38.306|
|83|0.85|0.8|1500|4584|106.29|93.399/39.997|
|84|0.85|0.8|500|8873|103.29|93.4,a/35.783|
