|1|0.3|0.05|1000|0|1.0E-1|1.0E-1/9.9999|
|2|0.3|0.05|1500|0|1.0E-1|1.0E-1/9.9999|
|3|0.3|0.05|500|0|1.0E-1|1.0E-1/1.0000|
|4|0.3|0.15|1000|3760|106.29|106.29/91.432|
|5|0.3|0.15|1500|597|106.29|106.29/91.369|
|6|0.3|0.15|500|7026|106.29|106.29/89.787|
|7|0.3|0.1|1000|3378|104.69|103.39/92.859|
|8|0.3|0.1|1500|3839|106.29|106.29/96.837|
|9|0.3|0.1|500|0|1.0E-1|1.0E-1/1.0000|
|10|0.3|0.2|1000|3291|106.29|106.29/85.683|
|11|0.3|0.2|1500|3984|106.29|106.29/84.381|
|12|0.3|0.2|500|6216|106.29|106.29/82.546|
|13|0.3|0.3|1000|4993|106.29|104.79/73.038|
|14|0.3|0.3|1500|4880|106.29|106.29/71.597|
|15|0.3|0.3|500|0|1.0E-1|1.0E-1/1.0000|
|16|0.3|0.5|1000|3322|106.29|97.799/55.437|
|17|0.3|0.5|1500|2144|106.29|102.29/56.235|
|18|0.3|0.5|500|484|106.29|101.09/54.627|
|19|0.3|0.8|1000|4542|104.1,|92.1,a/39.286|
|20|0.3|0.8|1500|2619|106.29|92.7,a/40.538|
|21|0.3|0.8|500|4261|105.79|88.899/37.666|
|22|0.5|0.05|1000|0|1.0E-1|1.0E-1/9.9999|
|23|0.5|0.05|1500|7742|104.29|103.29/98.806|
|24|0.5|0.05|500|0|1.0E-1|1.0E-1/1.0000|
|25|0.5|0.15|1000|4001|106.29|106.29/91.453|
|26|0.5|0.15|1500|2323|105.79|104.69/88.914|
|27|0.5|0.15|500|0|1.0E-1|1.0E-1/1.0000|
|28|0.5|0.1|1000|5872|106.29|106.29/93.651|
|29|0.5|0.1|1500|681|106.29|106.29/95.037|
|30|0.5|0.1|500|0|1.0E-1|1.0E-1/1.0000|
|31|0.5|0.2|1000|4985|106.29|106.29/83.875|
|32|0.5|0.2|1500|8047|106.29|104.79/82.026|
|33|0.5|0.2|500|631|106.29|106.29/84.867|
|34|0.5|0.3|1000|5875|106.29|102.59/72.934|
|35|0.5|0.3|1500|5946|106.29|106.29/73.111|
|36|0.5|0.3|500|0|1.0E-1|1.0E-1/1.0000|
|37|0.5|0.5|1000|4691|106.29|101.09/55.391|
|38|0.5|0.5|1500|1791|106.29|102.29/57.943|
|39|0.5|0.5|500|4664|105.79|99.899/57.756|
|40|0.5|0.8|1000|9308|103.79|91.099/37.646|
|41|0.5|0.8|1500|7539|105.79|98.899/38.566|
|42|0.5|0.8|500|6502|105.79|89.699/36.866|
|43|0.7|0.05|1000|4050|101.09|97.799/92.741|
|44|0.7|0.05|1500|1198|106.29|106.29/100.62|
|45|0.7|0.05|500|0|1.0E-1|1.0E-1/1.0000|
|46|0.7|0.15|1000|661|106.29|106.29/90.585|
|47|0.7|0.15|1500|3500|106.29|106.29/90.165|
|48|0.7|0.15|500|0|1.0E-1|1.0E-1/1.0000|
|49|0.7|0.1|1000|5052|104.29|101.49/90.294|
|50|0.7|0.1|1500|956|106.29|104.79/92.021|
|51|0.7|0.1|500|0|1.0E-1|1.0E-1/1.0000|
|52|0.7|0.2|1000|1151|106.29|106.29/84.617|
|53|0.7|0.2|1500|1275|106.29|106.29/85.197|
|54|0.7|0.2|500|5786|106.29|106.29/84.322|
|55|0.7|0.3|1000|3680|106.29|103.39/70.758|
|56|0.7|0.3|1500|1595|106.29|106.29/72.647|
|57|0.7|0.3|500|2139|106.29|103.69/73.611|
|58|0.7|0.5|1000|2154|106.29|101.99/59.084|
|59|0.7|0.5|1500|6718|106.29|103.09/56.684|
|60|0.7|0.5|500|5024|106.29|97.599/50.578|
|61|0.7|0.8|1000|6387|106.29|96.599/40.926|
|62|0.7|0.8|1500|7798|104.6,|96.6,a/39.596|
|63|0.7|0.8|500|9081|104.69|88.999/35.515|
|64|0.85|0.05|1000|5029|104.29|100.69/93.158|
|65|0.85|0.05|1500|9738|103.99|103.49/96.426|
|66|0.85|0.05|500|0|1.0E-1|1.0E-1/1.0000|
|67|0.85|0.15|1000|6507|106.29|103.79/89.389|
|68|0.85|0.15|1500|7129|106.29|104.79/87.170|
|69|0.85|0.15|500|951|106.29|106.29/88.782|
|70|0.85|0.1|1000|669|106.29|106.29/95.184|
|71|0.85|0.1|1500|9196|106.29|103.19/92.961|
|72|0.85|0.1|500|2571|106.29|106.29/95.421|
|73|0.85|0.2|1000|4645|106.29|106.29/82.197|
|74|0.85|0.2|1500|1898|106.29|106.29/84.104|
|75|0.85|0.2|500|7453|106.29|105.79/81.303|
|76|0.85|0.3|1000|3455|106.29|103.59/69.239|
|77|0.85|0.3|1500|1919|106.29|106.29/73.412|
|78|0.85|0.3|500|2854|106.29|104.59/72.612|
|79|0.85|0.5|1000|2615|106.29|99.799/54.608|
|80|0.85|0.5|1500|1341|106.29|100.79/54.746|
|81|0.85|0.5|500|4064|106.29|100.49/58.421|
|82|0.85|0.8|1000|2942|103.99|94.499/38.860|
|83|0.85|0.8|1500|6671|103.99|93.3,a/40.284|
|84|0.85|0.8|500|7575|103.99|91.499/38.636|
