|1|0.065|0.025|4000|14614|443.69|0.0022/0.0020|
|2|0.065|0.025|5000|14829|432.23|0.0022/0.0020|
|3|0.065|0.025|6000|10241|456.18|0.0021/0.0019|
|4|0.065|0.02|4000|17088|446.83|0.0021/0.0020|
|5|0.065|0.02|5000|17537|435.80|0.0022/0.0020|
|6|0.065|0.02|6000|12531|442.49|0.0022/0.0020|
|7|0.065|0.35|4000|12893|749.35|0.0010/8.0311|
|8|0.065|0.35|5000|9315|739.86|0.0010/8.5105|
|9|0.065|0.35|6000|10414|775.17|0.0011/8.4818|
|10|0.06|0.03|1000|13507|445.50|0.0022/0.0020|
|11|0.06|0.03|2500|11020|445.39|0.0022/0.0020|
|12|0.06|0.03|500|17860|476.76|0.0020/0.0018|
|13|0.06|0.03|5000|15618|435.16|0.0022/0.0021|
|14|0.06|0.06|1000|17913|459.77|0.0021/0.0018|
|15|0.06|0.06|2500|16826|441.73|0.0022/0.0019|
|16|0.06|0.06|500|17501|515.00|0.0018/0.0016|
|17|0.06|0.06|5000|17747|434.56|0.0022/0.0020|
|18|0.06|0.08|1000|14049|446.96|0.0021/0.0018|
|19|0.06|0.08|2500|15902|439.36|0.0022/0.0019|
|20|0.06|0.08|500|16238|545.68|0.0016/0.0014|
|21|0.06|0.08|5000|17836|440.37|0.0022/0.0019|
|22|0.075|0.025|4000|13851|446.72|0.0022/0.0020|
|23|0.075|0.025|5000|17823|445.51|0.0022/0.0019|
|24|0.075|0.025|6000|17089|429.92|0.0023/0.0021|
|25|0.075|0.02|4000|17476|441.52|0.0022/0.0020|
|26|0.075|0.02|5000|15679|438.29|0.0022/0.0020|
|27|0.075|0.02|6000|17477|442.60|0.0022/0.0020|
|28|0.075|0.35|4000|7528|783.76|0.0010/8.1426|
|29|0.075|0.35|5000|8132|763.77|0.0012/8.9255|
|30|0.075|0.35|6000|17917|760.50|0.0011/8.6827|
|31|0.08|0.03|1000|17634|473.58|0.0020/0.0018|
|32|0.08|0.03|2500|16047|446.92|0.0021/0.0019|
|33|0.08|0.03|500|17943|463.33|0.0021/0.0018|
|34|0.08|0.03|5000|12038|430.88|0.0023/0.0020|
|35|0.08|0.06|1000|16924|445.96|0.0022/0.0018|
|36|0.08|0.06|2500|17732|432.16|0.0022/0.0020|
|37|0.08|0.06|500|7864|599.34|0.0014/0.0012|
|38|0.08|0.06|5000|15750|437.94|0.0022/0.0019|
|39|0.08|0.08|1000|17349|465.93|0.0020/0.0017|
|40|0.08|0.08|2500|10728|455.08|0.0021/0.0018|
|41|0.08|0.08|500|16878|586.23|0.0014/0.0012|
|42|0.08|0.08|5000|9275|445.36|0.0022/0.0019|
|43|0.12|0.03|1000|17857|449.05|0.0022/0.0019|
|44|0.12|0.03|2500|14048|440.42|0.0022/0.0019|
|45|0.12|0.03|500|11996|545.93|0.0012/0.0011|
|46|0.12|0.03|5000|12799|438.78|0.0022/0.0019|
|47|0.12|0.06|1000|17770|520.20|0.0018/0.0015|
|48|0.12|0.06|2500|17336|457.30|0.0021/0.0017|
|49|0.12|0.06|500|17307|683.22|0.0012/0.0010|
|50|0.12|0.06|5000|10160|448.12|0.0022/0.0018|
|51|0.12|0.08|1000|8671|559.33|0.0015/0.0012|
|52|0.12|0.08|2500|13787|436.80|0.0022/0.0018|
|53|0.12|0.08|500|17679|740.26|0.0011/9.6734|
|54|0.12|0.08|5000|11571|441.66|0.0022/0.0018|
|55|0.15|0.05|1000|17570|552.99|0.0016/0.0013|
|56|0.15|0.05|2500|17395|451.57|0.0022/0.0017|
|57|0.15|0.05|500|2479|752.13|0.0010/9.0707|
|58|0.15|0.05|5000|9550|444.93|0.0022/0.0018|
|59|0.15|0.15|1000|16207|816.78|0.0010/8.4039|
|60|0.15|0.15|2500|7308|663.57|0.0011/9.2080|
|61|0.15|0.15|500|10509|867.26|9.7517/7.8680|
|62|0.15|0.15|5000|4906|575.47|0.0015/0.0011|
|63|0.15|0.1|1000|5753|712.81|0.0011/9.6629|
|64|0.15|0.1|2500|16068|543.71|0.0017/0.0013|
|65|0.15|0.1|500|2746|656.60|0.0010/8.3858|
|66|0.15|0.1|5000|14404|435.66|0.0021/0.0016|
|67|0.15|0.2|1000|16145|847.45|9.5506/7.7630|
|68|0.15|0.2|2500|6435|763.46|0.0011/8.8676|
|69|0.15|0.2|500|3560|931.15|9.4965/7.8220|
|70|0.15|0.2|5000|10484|686.18|0.0012/9.5366|
|71|0.15|0.3|1000|563|946.01|8.2668/6.9977|
|72|0.15|0.3|2500|16398|842.64|9.7658/7.7972|
|73|0.15|0.3|500|13847|976.77|8.3581/7.1739|
|74|0.15|0.3|5000|14262|818.78|0.0010/7.7550|
|75|0.1|0.05|1000|16415|458.54|0.0021/0.0018|
|76|0.1|0.05|2500|17757|449.22|0.0022/0.0019|
|77|0.1|0.05|500|17776|511.99|0.0018/0.0016|
|78|0.1|0.05|5000|7574|439.92|0.0022/0.0019|
|79|0.1|0.15|1000|7280|717.19|0.0011/9.5669|
|80|0.1|0.15|2500|17861|566.03|0.0016/0.0013|
|81|0.1|0.15|500|8327|799.33|0.0010/8.9440|
|82|0.1|0.15|5000|16136|440.13|0.0022/0.0017|
|83|0.1|0.1|1000|7140|527.27|0.0014/0.0012|
|84|0.1|0.1|2500|16904|458.82|0.0021/0.0017|
|85|0.1|0.1|500|7663|720.98|0.0011/9.5457|
|86|0.1|0.1|5000|16178|438.59|0.0022/0.0018|
|87|0.1|0.2|1000|8091|783.17|9.8503/8.2363|
|88|0.1|0.2|2500|3862|692.41|0.0012/9.3888|
|89|0.1|0.2|500|15881|850.45|9.6596/8.1267|
|90|0.1|0.2|5000|12757|565.44|0.0014/0.0011|
|91|0.1|0.3|1000|12445|874.03|9.6724/7.8296|
|92|0.1|0.3|2500|16123|810.13|0.0010/7.9321|
|93|0.1|0.3|500|14625|924.36|9.0194/7.5651|
|94|0.1|0.3|5000|13230|674.58|0.0010/7.8925|
|95|0.1|0.5|1000|9504|908.99|8.9805/6.9308|
|96|0.1|0.5|2500|16516|949.85|9.0347/6.9883|
|97|0.1|0.5|500|6073|991.62|8.5611/6.9454|
|98|0.1|0.5|5000|3240|915.21|9.1122/6.9476|
|99|0.1|0.8|1000|8494|1007.8|7.6070/6.5249|
|100|0.1|0.8|2500|9774|1019.6|8.2451/6.5762|
|101|0.1|0.8|500|835|1062.1|7.9353/6.6638|
|102|0.1|0.8|5000|10601|989.88|8.4705/6.6346|
|103|0.85|0.025|4000|9200|1080.3|7.6112/6.1638|
|104|0.85|0.025|5000|16642|1093.1|7.7736/6.1849|
|105|0.85|0.025|6000|11123|1112.4|7.6321/6.1895|
|106|0.85|0.02|4000|17962|1079.0|8.4245/6.1990|
|107|0.85|0.02|5000|11666|1075.2|7.7231/6.1773|
|108|0.85|0.02|6000|9899|1080.4|8.1077/6.1932|
|109|0.85|0.35|4000|8878|1111.2|7.7423/6.1686|
|110|0.85|0.35|5000|12532|1072.7|7.5296/6.1738|
|111|0.85|0.35|6000|9934|1076.6|7.7069/6.1643|
