|1|0.065|0.025|4000|10223|440.68|0.0022/0.0020|
|2|0.065|0.025|5000|11598|436.68|0.0022/0.0021|
|3|0.065|0.025|6000|17646|434.46|0.0022/0.0020|
|4|0.065|0.02|4000|17472|454.76|0.0021/0.0020|
|5|0.065|0.02|5000|17025|443.31|0.0022/0.0020|
|6|0.065|0.02|6000|9995|443.89|0.0022/0.0020|
|7|0.065|0.35|4000|11817|774.53|0.0010/8.0710|
|8|0.065|0.35|5000|11144|769.55|0.0010/8.2835|
|9|0.065|0.35|6000|11745|748.65|0.0011/8.4933|
|10|0.075|0.025|4000|16996|445.88|0.0022/0.0020|
|11|0.075|0.025|5000|17161|438.01|0.0022/0.0020|
|12|0.075|0.025|6000|10908|449.83|0.0022/0.0019|
|13|0.075|0.02|4000|16352|436.46|0.0022/0.0020|
|14|0.075|0.02|5000|16196|442.23|0.0022/0.0020|
|15|0.075|0.02|6000|10715|437.49|0.0022/0.0020|
|16|0.075|0.35|4000|9593|727.09|0.0010/7.7911|
|17|0.075|0.35|5000|9132|795.94|0.0010/8.2917|
|18|0.075|0.35|6000|14348|812.68|0.0010/8.4874|
|19|0.85|0.025|4000|6052|1112.8|7.7484/6.1796|
|20|0.85|0.025|5000|10644|1066.2|7.7750/6.1791|
|21|0.85|0.025|6000|2473|1091.7|7.7044/6.1711|
|22|0.85|0.02|4000|1629|1092.2|7.8626/6.1960|
|23|0.85|0.02|5000|15103|1065.9|7.8524/6.1656|
|24|0.85|0.02|6000|5232|1113.9|7.7526/6.1754|
|25|0.85|0.35|4000|6282|1117.8|7.9990/6.1732|
|26|0.85|0.35|5000|12813|1125.6|7.9161/6.1742|
|27|0.85|0.35|6000|12483|1059.0|7.7509/6.1608|
