0.7723505517000299
-0.9322922618657529
0.8122113044806215
0.1986713036347931
-0.9814171931740566
0.8209842233073206
0.039569983499054315
0.5076632384721719
-0.649235028264898
-0.9879137465040703
0.28353731210213645
0.8824589904554347
-0.8932154856737774
-0.9935558835937978
-0.5867249259974632
-0.9221569289742622
-0.230312316281213
0.389431548046003
-0.9927150197526504
-0.616832822301845
-0.963930315311058
0.9231783774644992
-0.6417595767483317
-0.12952804785085867
-0.21260832112685088
-0.24611552900789374
0.9150861191235478
0.20303500423800486
-0.1635516180770115
-0.7370758484019118
0.962267441231008
0.4637169359356763
0.703741161533828
0.7063000406005108
0.6559735222459667
0.9717243388479252
0.9927023240519799
-0.7022655543758617
0.9463403895484578
-0.10219089874076423
0.9785948042006435
-0.38584073763005455
0.3256421368069136
-0.9467050698006498
0.8535378778280628
-0.44480544612824874
0.904723727940364
0.9203130113359144
-0.08160078019478686
-0.39247803744041154
0.9512628915455432
-0.1104371469714374
-0.8288649604875438
0.5346568137322862
-0.6687302883799349
-0.9828345736871091
0.3992406125510648
0.3536228090379729
0.9775375445433924
0.7731886044419409
-0.9507396804488437
-0.8416807918753224
-0.03425957639626817
0.9290388537113641
-0.4045930820528866
-0.6373049882592826
-0.9899310073376586
-0.4635763888458454
0.9751666362987408
-0.5889367269450739
-0.03561008983892372
0.9378080985025257
0.7126191628742212
-0.5655456619401853
0.10322918119194756
-0.8302064413851483
-0.1626235119214529
0.9447347631355644
-0.052462635178697606
0.16206253560275619
-0.32858856628008204
0.62032429210529
0.6546019891277154
-0.39938097503996894
-0.7674268799905363
0.7282736745464151
0.41820001248608174
-0.44493077044992013
0.9734380878988551
-0.9383951621372197
-0.6663122399473221
-0.9714659834223099
-0.8117953939902138
-0.9428017752843193
0.5713679559416014
0.25716854898575797
0.1456263269071535
0.9924647368358536
0.11194793070426971
0.2483867071096054
